time	flux	sign	hx	hy	ez	count	r	theta
249.9680754846122	5.196005445619301	-1.0	51.800922001024446	307.9967799964222	77.26239251376946	2	481.1388336992072	1.4041691899824627
287.60803912897586	2.492723262598244	-1.0	51.800922001024446	307.9967799964222	77.26239251376946	2	481.1388336992072	1.4041691899824627
647.6080391289759	1.6823396056645326	1.0	51.800922001024446	307.9967799964222	77.26239251376946	2	481.1388336992072	1.4041691899824627
870.4320142933651	4.83373598676363	1.0	78.80744311938125	62.995249994722215	0.0	2	517.1982927586091	0.6743485036130205
876.4400276445059	4.447020196588104	-1.0	190.80744311938125	556.9952499947223	61.559928399920445	5	562.174195187618	1.240759821864073
931.4640699201553	7.035544866520228	-1.0	33.77845642050713	93.97955219950245	31.54522171691302	1	355.3385057490931	1.2257512273747129
1043.6080391289759	4.548568707650624	1.0	33.77845642050713	93.97955219950245	31.54522171691302	1	355.3385057490931	1.2257512273747129
1079.992039982311	11.840039138612727	-1.0	33.77845642050713	93.97955219950245	31.54522171691302	1	355.3385057490931	1.2257512273747129
1089.5680212622694	8.038075463492952	-1.0	246.7992786658652	696.973572192858	68.56261840290934	7	311.0197224888485	1.2304724315205067
1184.7200727112727	3.467776077202437	1.0	73.80549311721458	132.9460554956172	0.0	1	720.923134695833	1.064004961667281
1199.7920262045027	2.1327952801491072	-1.0	272.80733534148374	800.963877737642	232.56869952077724	4	1172.1706360046055	1.2425211667689775
1232.6400192000426	11.391183461755027	1.0	153.76987196652442	175.95876884307648	134.55019283354758	18	219.4679778789927	0.852591274410106
1252.240062755695	11.32038068704067	-1.0	123.7698719665244	611.9587688430765	139.55019283354758	3	220.84062975567127	1.3712363434109953
1260.048000106667	7.72994089736271	1.0	185.76830640922935	121.95425106027895	0.0	9	323.41773801309995	0.580921138555214
1304.056017902262	14.129069422386637	-1.0	3437.7817497574997	4446.9637955153285	1419.5623272914747	5	176.94017385454305	0.9126977464608549
1304.6000191111536	7.594167923511254	1.0	53.78174975749973	205.96379551532834	31.562327291474766	1	329.1999894103073	1.3153772751143036
1322.2240582756851	11.396878947782081	-1.0	613.7817497574997	2321.9637955153285	379.5623272914748	7	219.35830076413322	1.312369869417834
1343.4560254578344	11.708213092536376	-1.0	712.7936486596096	3235.9701377445977	833.5763361959291	1	213.5253245086283	1.3539865835097524
1379.6800259556132	20.18625566331479	-1.0	220.8297875886529	179.97537886153208	0.0	16	123.84664306730942	0.6838181523178488
1387.3600430223178	8.769173511638716	1.0	172.8297875886529	253.97537886153208	89.5643150714612	5	285.08958075489363	0.9732790762865217
1396.192062649028	12.25722242771574	-1.0	203.8297875886529	592.975378861532	112.5643150714612	1	203.9613798919941	1.2397085435263093
1434.864068586819	7.7686722609043235	1.0	204.81542201713557	571.9758433064926	103.55032505591673	3	321.80531190396545	1.2269379191660663
1451.7920262045027	11.34482030815706	-1.0	257.79747977497755	473.0005944451049	74.55380839312043	1	220.3648830120712	1.0717801766726964
1453.9280309511798	9.147646296855154	1.0	586.7974797749775	1258.000594445105	164.55380839312045	2	273.2943446730629	1.1343450759528828
1470.0640668090373	12.707199734347435	-1.0	52.79747977497753	174.00059444510492	0.0	3	196.7388608241141	1.2761931986729904
1482.6640148089218	15.03594652401587	-1.0	698.8096364551516	1660.9892388769322	522.5370594856216	2	166.26821570606973	1.1725573541910663
1497.9120486934416	12.081393132151462	-1.0	137.8096364551516	584.9892388769321	54.537059485621654	1	206.9297781020721	1.3394382387441461
1515.5760079466843	17.020379580167763	-1.0	1002.8207931342146	2095.0001500001667	606.5412850458723	4	146.8827406712488	1.124355115521399
1524.1440269867267	4.546559456544948	-1.0	53.8207931342146	184.00015000016666	0.0	4	549.8663382486186	1.2862306386098892
1537.440056533459	8.343533968410345	1.0	100.8207931342146	91.00015000016667	45.54128504587227	5	299.6332260964371	0.7342458957499638
1540.504063342363	7.883015605347683	-1.0	119.8207931342146	410.0001500001667	0.0	6	317.13751756422363	1.2864686359284407
1583.6080391289759	5.069565064866197	1.0	119.8207931342146	410.0001500001667	0.0	6	317.13751756422363	1.2864686359284407
1559.1040246756104	19.678940302064774	-1.0	1581.8267420297134	4578.9918222131355	1245.540018377798	1	127.03936094250423	1.2381779612635484
1573.488056640126	6.042969122928172	1.0	160.82674202971336	127.99182221313579	0.0	2	413.7039175849046	0.6721971786106672
1604.3920453156563	16.823332567333242	-1.0	433.81793201992446	884.9867522075025	220.5459172732414	4	148.60313733881614	1.1150217539547704
1608.4400543112317	9.335788031561002	-1.0	327.81793201992446	1026.9867522075024	113.54591727324141	3	267.7867140458184	1.2618159168051426
1621.4240031644515	6.356275303511138	1.0	112.79674977416641	93.97867442074936	0.0	1	393.3121019190322	0.694640861972108
1628.6960193244875	20.275596359529775	-1.0	154.79674977416641	376.97867442074937	101.54361393734882	4	123.30093555176589	1.1811644249942281
1634.2640316978482	4.8310231816858895	1.0	207.79674977416641	0.0	0.0	1	517.4887194657533	0.0
1644.0640534756744	5.551353678801082	1.0	0.0	106.97867442074936	33.54361393734882	6	450.34060963305836	1.5707963267948966
1651.6240702757118	21.657012150986976	-1.0	82.79674977416641	149.97867442074937	47.54361393734882	5	115.43605288535	1.0663753565653176
1675.880044177876	8.997671460864344	1.0	0.0	136.97267663630737	39.52931169923522	3	277.8496648687195	1.5707963267948966
1686.1760670579267	12.794142592323798	-1.0	202.79886644318495	0.0	0.0	2	195.40191786669195	0.0
1686.7440683201519	6.842093527707185	-1.0	135.79886644318495	100.97267663630737	0.0	2	365.38524208653445	0.6393576070781706
1706.3520318934043	23.59111004135095	-1.0	139.82400758223065	449.98426664918514	46.535841706490785	6	105.97212236380365	1.2695239933299254
1711.264042808984	12.324000623570278	1.0	593.8240075822306	29.984266649185166	0.0	5	202.85620525031644	0.05045067661424428
1720.7040637868083	16.29253689436719	-1.0	360.82400758223065	2155.984266649185	191.53584170649077	2	153.44448910619462	1.4049738162083074
1722.648068106818	6.014940605655216	1.0	61.82400758223065	300.98426664918514	0.0	1	415.6317017743306	1.3682080289013263
1749.288047306772	6.836752710418686	1.0	74.78072864525404	124.98317109241232	31.510440567156188	1	365.67067815546295	1.0316083362319126
1754.3440585423523	8.304570810703034	-1.0	298.78072864525404	506.9831710924123	59.51044056715619	4	301.039037053904	1.038258865599652
1767.4560076800171	6.797021801548791	1.0	131.80389200432444	30.998907776564195	0.0	3	367.8081478906456	0.2309916526918278
1776.696028213396	5.855988179872391	1.0	66.80389200432445	79.9989077765642	35.52776391973769	2	426.9134300155773	0.8750398691296751
1783.392043093429	8.509238283006386	1.0	200.80389200432444	79.9989077765642	0.0	5	293.7983303385328	0.37912044914825793
1787.8640530312289	18.82530465147831	-1.0	914.8038920043244	425.9989077765642	127.5277639197377	7	132.79997568611356	0.4358103744382691
1790.9920599823556	11.087060968765186	1.0	123.80389200432445	128.99890777656418	0.0	4	225.48807182021258	0.8059449480675761
1807.0560156800348	5.9371264934078205	1.0	47.81211868013187	195.9835233150259	81.50326833696482	5	421.0791201393181	1.3315105028713885
1811.6960259911689	27.94364886435434	-1.0	202.81211868013187	118.9835233150259	40.50326833696482	11	89.46576777197721	0.5305594045107169
1817.4960388800864	5.765919929794297	1.0	120.81211868013187	432.9835233150259	78.50326833696482	2	433.5821569567285	1.2986943457171995
1826.7040593423542	7.66855403065199	1.0	107.81211868013187	175.9835233150259	0.0	8	326.0067008731041	1.021144540719843
1832.9440732090516	12.829878543506933	-1.0	293.81211868013185	744.9835233150259	114.50326833696482	6	194.85765134271077	1.1951377378693344
1843.0160155911458	8.223513040512085	1.0	462.7747264163627	443.98769776410865	89.49484721649691	3	304.00632767092	0.7646823280076338
1848.0720268267262	29.809059394198954	-1.0	327.7747264163627	1202.9876977641086	34.49484721649691	1	83.86712129824924	1.3047863328586504
1863.7760617245817	8.933731496920132	1.0	89.77472641636268	0.0	0.0	7	279.83827372267285	0.0
1870.3920764268364	26.185993879372376	1.0	255.77472641636268	0.0	0.0	8	95.4708846078719	0.0
1878.960015466701	28.208231603949375	-1.0	49.77417974908861	251.99645332939258	78.51887835430928	8	88.62661208616778	1.3757871256146048
1882.1920226489392	8.78825925825026	1.0	68.7741797490886	143.99645332939258	26.518878354309283	9	284.47044250009407	1.1252204293043364
1891.8000440000978	13.451887266465622	1.0	245.7741797490886	127.99645332939258	30.518878354309283	9	185.84752834141577	0.48014004051248865
1903.224069386821	23.855217380962234	-1.0	229.7741797490886	922.9964533293926	38.51887835430928	1	104.79887733050535	1.326812047071041
1943.6080391289759	14.780826185800699	1.0	229.7741797490886	922.9964533293926	38.51887835430928	1	104.79887733050535	1.326812047071041
1922.8320329600733	13.85435628594681	1.0	231.79733421926025	230.9810688678543	35.5123794581994	3	180.44865805392047	0.7836343289154091
1926.7680417067593	5.855056735717987	-1.0	0.0	77.9810688678543	0.0	4	426.98134498835606	1.5707963267948966
1939.176069280154	57.65974535393953	-1.0	664.7973342192603	1808.9810688678542	190.5123794581994	3	43.357805079678364	1.2186187194306088
1950.6000146666993	9.68059701416815	-1.0	641.7440930489922	1632.985146650163	423.5094272326969	3	258.2485353270151	1.196349075366264
1958.7600328000728	24.647663649481448	-1.0	1945.7440930489922	3446.9851466501627	324.5094272326969	3	101.42949188016026	1.0569062623522905
1971.4160609245798	4.943678555698032	1.0	81.74409304899228	237.98514665016296	48.50942723269692	4	505.6963093036311	1.2399381484588015
1971.9600621334714	15.011031586548174	-1.0	622.7440930489922	207.98514665016296	389.5094272326969	14	166.54418356166298	0.32233399365931165
1983.8800086222413	40.46517513814028	-1.0	1689.7611875124305	4419.97804442005	610.515978351087	2	61.78151933027556	1.205640359602883
2001.8000484445522	33.1722960113933	1.0	414.7611875124306	308.97804442004934	83.51597835108706	2	75.36409295097796	0.6402638992134271
2006.8880597512439	6.181775720172434	1.0	103.76118751243057	0.0	0.0	3	404.41454254672726	0.0
2022.3360140800312	27.663666741259547	-1.0	666.8092286769207	343.00705556339506	162.54082948981053	1	90.37124483108826	0.4751015934719886
2032.112035804524	25.828852382677105	-1.0	263.8092286769207	1186.0070555633952	178.54082948981053	1	96.79098254000243	1.3519248267917543
2042.1280580623513	13.485507554616728	1.0	134.80922867692075	54.00705556339507	0.0	6	185.38419780456329	0.38103935449008147
2044.2560627912505	7.600588221885268	1.0	121.80922867692075	446.00705556339506	115.54082948981055	2	328.9219106491595	1.3041875771248268
2055.7040082311296	49.21070696685267	-1.0	310.81077756753064	1447.0126989029989	84.52923281025868	3	50.80195254426947	1.3592163257336525
2064.0560267911706	8.46174490149351	1.0	116.81077756753064	299.0126989029988	42.52923281025868	2	295.4473372931328	1.198371934177402
2075.2240516090037	17.333943351248617	1.0	86.81077756753064	84.01269890299878	0.0	9	144.22569344672036	0.7690196859259812
2086.1360758579463	45.7112613088592	-1.0	176.81077756753064	366.0126989029988	57.52923281025868	14	54.69111830251511	1.1207819515941828
2100.3520274489497	38.32641147821044	-1.0	396.7926197695775	1079.9910899901	118.51035167816853	2	65.22916974424582	1.2187020847823582
2104.424036497859	11.662720874141357	1.0	176.79261976957753	244.9910899901	48.51035167816853	1	214.35821254566866	0.9457014114564173
2127.536007857795	48.54376749201122	-1.0	1217.8401287112542	2768.0062211180234	457.52577836197594	13	51.499917067858846	1.1563144558978367
2130.5600145778103	8.413101406558845	1.0	142.84012871125412	47.00622111802346	0.0	9	297.1555766641542	0.3179201558001259
2137.1680292622873	27.107247278775056	-1.0	0.0	88.00622111802346	0.0	1	92.22625869346376	1.5707963267948966
2142.6320414045363	21.412579204593932	1.0	141.84012871125412	33.00622111802346	0.0	5	116.7538004699425	0.22863137185707583
2154.9840688534864	3.8983608936044973	1.0	838.8401287112541	71.00622111802346	222.52577836197597	12	641.2951669255161	0.0844467860566292
2163.2640072533495	11.035359363486613	-1.0	664.8015242239157	1350.9952222169136	438.5205839117599	12	226.54450278002793	1.113502506829935
2166.0640134755854	28.835716373989136	-1.0	1310.8015242239157	2855.9952222169136	341.5205839117599	2	86.69803682266381	1.1405122574001147
2173.320029600066	52.855910360017056	-1.0	358.8015242239158	814.9952222169136	141.5205839117599	6	47.29840017836736	1.1560801468696924
2187.7040615645815	13.408370650479352	1.0	239.8015242239158	60.995222216913575	0.0	46	186.45069301620362	0.24907524797344288
2231.7520394489766	22.085818626665585	1.0	239.8015242239158	60.995222216913575	0.0	46	186.45069301620362	0.24907524797344288
2208.9280287289525	48.41069225959363	-1.0	140.80554645060715	789.9844488716099	108.52994392215992	26	51.64148421167373	1.3944102482871368
2216.8960464356587	18.64814128991336	-1.0	413.80554645060715	75.98444887160986	0.0	1	134.0616183207616	0.18160055197871525
2220.688054862344	9.879170702028574	1.0	148.80554645060715	154.98444887160986	0.0	8	253.0576781598332	0.8057347468139834
2226.736068302374	18.26884614194155	-1.0	371.80554645060715	637.9844488716099	202.5299439221599	20	136.84498629940887	1.0431336933644075
2229.248073884609	15.934520535103552	-1.0	542.8055464506072	1976.9844488716099	112.52994392215992	7	156.89207557218495	1.302837017481205
2238.6000146666993	31.961105700699967	-1.0	273.827245363606	918.9853822059803	152.5323561470624	5	78.22007234077789	1.2812057839457196
2243.4080253511675	8.239473968545205	-1.0	239.82724536360595	33.98538220598023	0.0	1	303.4174280474619	0.14077048055533892
2244.736028302285	6.888387721558544	-1.0	1641.827245363606	5771.98538220598	1237.5323561470623	1	362.92962897192405	1.2936681690736893
2257.4640565867926	40.70850410443715	-1.0	327.827245363606	2039.9853822059802	238.5323561470624	1	61.412229581963565	1.411457850021086
2265.3120740268314	11.175005649174793	-1.0	374.827245363606	1071.9853822059802	159.5323561470624	2	223.71353344099742	1.2344270643072703
2265.7200749334997	13.162914858785875	1.0	336.827245363606	981.9853822059803	193.5323561470624	3	189.92753708585454	1.2403654439198517
2269.39200309334	23.708863653157707	1.0	149.84012093346772	52.985571095078996	0.0	1	105.44579599313832	0.33989082243726615
2282.5520323378496	4.439618282050837	-1.0	85.8401209334677	301.98557109507897	57.53385503761671	1	563.1114751705974	1.2938487512000993
2283.7920350934114	40.34066148714283	-1.0	132.84012093346772	423.98557109507897	58.53385503761671	10	61.972211357931926	1.2671711119035574
2290.2720494934433	8.61884947103411	-1.0	103.8401209334677	0.0	0.0	1	290.06191701130194	0.0
2292.9920555379013	16.79463913770506	1.0	140.84012093346772	0.0	0.0	2	148.85702392898318	0.0
2293.4080564623478	13.700054664213013	1.0	140.84012093346772	0.0	0.0	2	182.48102370937585	0.0
2311.6000168889263	45.72246440780583	-1.0	403.80924867694296	887.9939455488284	103.54727727475253	12	54.677717668542705	1.1440049233412692
2318.6880326400724	6.041172960175402	1.0	54.80924867694297	108.99394554882839	0.0	2	413.82692011642285	1.1048592850149324
2329.21605603568	6.9266800446315955	1.0	0.0	125.99394554882839	54.54727727475253	1	360.9232682744719	1.5707963267948966
2337.928075395723	45.35772718822149	-1.0	167.80924867694299	578.9939455488284	87.54727727475253	3	55.117400164821326	1.2886966267454127
2342.104004675566	22.665388886365577	1.0	82.7803164225738	0.0	0.0	22	110.30033557041156	0.0
2343.720008266685	12.712111677830066	-1.0	184.7803164225738	0.0	0.0	1	196.66284118318455	0.0
2353.568030151178	12.812717953789942	-1.0	1119.7803164225738	2165.9952299947	455.53793059770067	1	195.1186320510951	1.0936556819852423
2356.296036213414	28.754182649991627	1.0	31.780316422573804	238.9952299947	36.537930597700665	9	86.94387284212122	1.4385971906732982
2361.80804846233	7.107636562333113	-1.0	248.7803164225738	1452.9952299947	392.53793059770067	3	351.7343603707509	1.4012216977377114
2366.6960593245763	20.689312195993622	-1.0	226.7803164225738	720.9952299947	0.0	4	120.83533644410431	1.2660559564440126
2376.9440020977822	21.412505380298782	-1.0	191.78836087595653	0.0	0.0	1	116.75420300420333	0.0
2383.5600168000374	22.335129198664106	1.0	191.78836087595653	33.97430774923083	0.0	24	111.93129790131363	0.17532595757050912
2384.416018702264	21.76061908272395	-1.0	935.7883608759565	1327.9743077492308	341.5203939115488	3	114.88643730659224	0.9569406380926869
2389.4560299022887	27.489198000889886	-1.0	226.78836087595653	441.97430774923083	35.520393911548794	2	90.94481402909862	1.0967034077991413
2398.288049528999	47.498552795417524	-1.0	912.7883608759565	442.97430774923083	90.5203939115488	1	52.63318254700994	0.4518169325869514
2403.384060853469	9.760132789911012	-1.0	342.7883608759565	850.9743077492308	0.0	5	256.1440560095898	1.1878624037007903
2405.9280665068145	20.950889642232056	1.0	284.7883608759565	123.97430774923083	0.0	15	119.32667503343578	0.4105799112260192
2410.936077635728	10.289820911103789	-1.0	121.78836087595653	479.97430774923083	78.5203939115488	10	242.95855307862934	1.3223013993640367
2413.1520025600057	4.842577676440129	-1.0	211.78197197996886	515.9765499739444	49.518278353642614	5	516.253980222739	1.1813149156979614
2423.9760266133926	66.23386812056908	-1.0	1815.7819719799688	5153.976549973944	286.5182783536426	9	37.74503997636247	1.2320677614406843
2431.53604341343	16.64473066394862	1.0	85.78197197996886	260.97654997394443	0.0	1	150.19768420854257	1.2532250797819582
2438.880059733466	10.225173715981242	-1.0	254.78197197996886	527.9765499739444	33.518278353642614	6	244.49462370430655	1.1211953359175852
2444.1120713601586	23.98465781460669	1.0	49.781971979968866	32.976549973944415	57.518278353642614	4	104.23329860797499	0.5850565046052676
2455.0800157333683	22.262122800305477	1.0	114.79573977304419	379.9738810820901	57.50626278473643	5	112.29836536368829	1.2774004637765746
2457.6640214756035	47.14061785833442	-1.0	183.7957397730442	516.9738810820901	232.50626278473644	5	53.03282208801177	1.2292103656499707
2463.6640348089663	4.192915711051739	-1.0	191.7957397730442	443.9738810820901	37.50626278473643	5	596.2438008020215	1.163013442330602
2472.1920537601195	18.451153365099415	1.0	167.7957397730442	521.9738810820901	0.0	2	135.49288494500192	1.2597660604441228
2473.5040566756816	11.623044296912298	-1.0	301.7957397730442	1046.9738810820902	332.5062627847364	6	215.0899485657242	1.290149035076468
2480.264071697937	31.809356172788583	-1.0	396.7957397730442	1001.9738810820901	68.50626278473644	1	78.59322855891794	1.1937308248578842
2488.5040100089113	27.884065036080997	-1.0	347.82177757975285	1187.9691632990703	315.4994405549339	1	89.65694194031926	1.285970145760748
2491.0240156089235	6.739304111368156	1.0	0.0	26.96916329907033	0.0	1	370.95818183703705	1.5707963267948966
2498.3680319289597	14.872521839617164	-1.0	312.82177757975285	928.9691632990704	0.0	2	168.0952313911245	1.2459822339686972
2502.3680408178684	9.4476601846429	1.0	196.82177757975288	34.96916329907033	0.0	9	264.61578328819775	0.17583435017032498
2507.256051680115	10.97281112835553	1.0	226.82177757975288	324.9691632990703	54.49944055493395	1	227.8358727545754	0.9614277658525896
2513.6160658134795	71.77454158595515	-1.0	1204.821777579753	3456.9691632990703	337.4994405549339	1	34.83129177503797	1.235440888546686
2521.6560036800083	21.21290141174586	-1.0	484.82257758064173	1691.9807544230605	59.52490058322287	3	117.85280813192848	1.2917321206847268
2532.7920284267298	54.306058463487645	-1.0	916.8225775806418	2167.9807544230603	432.52490058322286	12	46.035379306359715	1.1707121916971015
2545.2320560712355	29.235103768571356	1.0	551.8225775806418	1390.9807544230605	345.52490058322286	4	85.51363524447544	1.1931252690337093
2557.000002222227	21.018109988941234	1.0	163.7954575505084	134.98237331374813	0.0	29	118.94504317064596	0.689258972772267
2563.2960162133695	68.28034322117263	-1.0	553.7954575505084	1734.9823733137482	269.5078194531327	4	36.61375854397859	1.2618249500349723
2567.9680265956144	50.82193453997246	-1.0	159.7954575505084	606.9823733137481	28.507819453132726	18	49.19135846813742	1.3133751530385132
2578.240049422332	27.3681011050926	1.0	365.7954575505084	122.98237331374813	0.0	8	91.3472217308787	0.32433309790609327
2579.7840528534507	21.811580391278262	1.0	313.7954575505084	441.9823733137481	91.50781945313273	7	114.61801277818768	0.9534085275759636
2588.5040722312715	56.59812060204898	-1.0	371.7954575505084	890.9823733137481	105.50781945313273	9	44.171078004125356	1.1754766637741523
2627.784039520088	23.26308588911776	-1.0	371.7954575505084	890.9823733137481	105.50781945313273	9	44.171078004125356	1.1754766637741523
2604.7040282311737	60.22668953984844	-1.0	4402.820544245049	2318.9809866455407	293.5009494454994	24	41.509835906652285	0.4847814882906195
2613.328047395661	92.56565732896198	-1.0	562.8205442450492	654.9809866455407	39.50094944549939	12	27.00785660836872	0.8609319053827408
2635.920017600039	18.40937001792865	-1.0	182.76537973931082	523.9883433203814	96.53104392338214	2	135.8004102022656	1.2351939344919654
2636.5040188978196	15.82116240926645	-1.0	190.76537973931082	0.0	0.0	1	158.0162023073444	0.0
2643.416034257854	43.89419023588963	1.0	79.76537973931082	560.9883433203814	235.53104392338213	11	56.95514569388048	1.4295558462828433
2644.8320374045275	36.029217791202086	-1.0	312.76537973931084	1024.9883433203815	166.53104392338213	4	69.38812867068323	1.2746302426966563
2661.09607354683	84.58661902293649	-1.0	2678.765379739311	5052.988343320381	1112.5310439233822	18	29.555502145346424	1.0833324505514872
2662.720077155727	19.105936865386838	1.0	628.7653797393108	618.9883433203814	0.0	1	130.84938035826502	0.7775626136830781
2674.824024053387	47.28259431659707	-1.0	224.8100664556294	720.9902711003012	72.51249723610803	8	52.87357929770899	1.2685426083116749
2679.3040340089647	25.92811365689488	-1.0	1451.8100664556293	3154.990271100301	492.51249723610806	5	96.42043509536964	1.1395229887485325
2684.872046382325	24.440529268145326	-1.0	1447.8100664556293	718.9902711003012	98.51249723610803	4	102.28911054141476	0.4609282287837198
2689.03205562679	13.595874742273807	1.0	261.8100664556294	478.99027110030124	59.51249723610804	38	183.87930511206622	1.0705768977871242
2696.6320725157166	18.930017131721257	-1.0	635.8100664556293	101.99027110030121	58.51249723610804	4	132.0653849705566	0.15905496937538205
2709.3040206756014	120.2674533740206	-1.0	8166.8127953475505	7367.012184457983	1262.5143305714785	18	20.787003714340173	0.733955908715905
2726.6720592712427	104.46321292574207	-1.0	1803.8127953475505	3049.0121844579826	585.5143305714785	16	23.931869698255703	1.0365720165954753
2728.80806401792	36.64020225131928	1.0	35.812795347550384	0.0	0.0	4	68.23106441531675	0.0
2734.67207704906	11.126735890782086	-1.0	200.81279534755038	698.0121844579827	0.0	1	224.68404252060284	1.290668809200553
2739.6560081244625	16.411246413592224	1.0	189.80494533882816	0.0	0.0	7	152.3345599106619	0.0
2751.6400347556328	176.89180869693462	-1.0	4282.8049453388285	7365.0199100221225	1708.5053750059722	9	14.132932544565715	1.0440861914678345
2753.248038328974	17.220086171959935	1.0	0.0	89.01991002212225	39.505375005972226	1	145.17929672563642	1.5707963267948966
2756.144044764544	15.142925700695969	1.0	97.80494533882816	326.01991002212225	0.0	1	165.09359217717747	1.2793424242119482
2764.0400623112496	15.298680402121803	-1.0	37.804945338828155	369.01991002212225	139.50537500597224	2	163.4127868736489	1.468705593855696
2769.5680745957216	48.259968247594855	-1.0	69.80494533882816	204.01991002212225	0.0	1	51.8027692677687	1.2411339188897952
2777.3200118222485	21.807734436968673	1.0	39.82719314132571	74.00970001077779	42.50040944489938	1	114.63822650747144	1.077108310331836
2780.1360180800402	38.292169165725284	-1.0	450.8271931413257	1906.0097000107778	243.5004094448994	7	65.28750014605363	1.3385355701134152
2792.74404609788	106.28690346629584	-1.0	415.8271931413257	1603.0097000107778	145.5004094448994	21	23.521242208291106	1.3169865728017882
2799.6880615290256	21.270812737975717	-1.0	316.8271931413257	977.0097000107778	162.5004094448994	5	117.53194533731379	1.257213476964062
2806.4080764623923	44.979569131434076	-1.0	310.8271931413257	970.0097000107778	37.50040944489938	5	55.580790307145676	1.2606968424989613
2811.7280082844627	27.956836726258558	1.0	350.8290731434146	0.0	0.0	14	89.4235647787672	0.0
2823.13603363563	168.1922108914936	-1.0	858.8290731434146	1972.997553330615	310.49769721966356	11	14.86394635488104	1.160241075729274
2824.6240369423044	24.73884059385034	1.0	50.829073143414604	169.9975533306148	33.49769721966358	2	101.05566550363956	1.2802582704003351
2825.26403836453	7.64905952254	1.0	148.8290731434146	60.99755333061481	0.0	2	326.8375664528536	0.3889685673048088
2838.8000684445965	27.75019466515093	-1.0	767.8290731434146	1023.9975533306148	191.49769721966356	1	90.08945811610951	0.9274009090401032
2848.824010720024	113.67101920016017	-1.0	2038.8215253572505	3829.9883777648643	212.49682832980926	8	21.993292728358657	1.0816196922365058
2853.368020817824	14.033228487180025	1.0	165.8215253572504	0.0	0.0	1	178.14859939634422	0.0
2858.616032480072	21.101026065719594	-1.0	209.8215253572504	0.0	0.0	5	118.47765090729223	0.0
2868.0240533867855	138.93285702533245	-1.0	624.8215253572504	2262.9883777648643	87.49682832980926	8	17.99430353285084	1.3014034582927652
2876.1120713601586	14.185758538395362	1.0	177.8215253572504	236.9883777648642	0.0	1	176.23308568473564	0.9270785552430197
2882.0800046222325	55.136210188583036	-1.0	1004.8191075767862	1908.9947955497728	365.49064721183026	11	45.34225314814385	1.0862835290161916
2886.4080142400317	58.128932039398876	1.0	779.8191075767862	2137.994795549773	279.49064721183026	9	43.00784329403366	1.2210480818299811
2891.3520252267226	13.119353567972695	1.0	44.819107576786195	157.99479554977285	0.0	38	190.55816942864203	1.294383445992486
2903.728052729006	126.3751298790685	-1.0	178.8191075767862	909.9947955497728	178.49064721183024	1	19.78237333874404	1.3767629774431442
2910.8720686045967	15.5311204609431	1.0	468.8191075767862	325.99479554977285	39.490647211830236	2	160.96713732192583	0.6076003914705014
2919.288007306683	45.907913004630146	1.0	386.7973997748886	897.9929466588296	85.48824498693887	1	54.45684276146155	1.1640777453119742
2922.872015271145	179.4582163051193	-1.0	310.7973997748886	2945.9929466588296	732.4882449869389	24	13.930819393353595	1.4656867774986395
2930.024031164514	10.388266364133216	1.0	194.79739977488865	125.99294665882962	0.0	4	240.65613186734998	0.5741150891534048
2938.024048942331	128.63438564619713	1.0	659.7973997748886	63.992946658829624	0.0	1	19.434927818415	0.09668636896282115
2943.23206051569	8.85974922324985	1.0	340.7973997748886	280.9929466588296	25.488244986938874	2	282.17502967685283	0.6895120542065556
2946.8000684445965	67.49053963929406	-1.0	1082.7973997748886	2217.9929466588296	340.48824498693887	1	37.042228634729426	1.1166429432277984
2954.01600448001	25.44267807371925	-1.0	302.8080864534294	979.0163844626494	72.47284719205244	12	98.26009639222487	1.2708309783387697
2963.1280247289437	7.26168860497873	-1.0	126.8080864534294	124.0163844626494	0.0	9	344.2725426543297	0.7742685207782924
2963.736026080058	12.975149211936653	1.0	760.8080864534294	681.0163844626494	73.47284719205244	1	192.67601159454054	0.7301137676954246
2975.336051857893	69.47526499449611	1.0	233.80808645342938	212.0163844626494	191.47284719205243	23	35.98402971472008	0.7365574799968926
2985.4800744001654	205.62089321296617	-1.0	244.80808645342938	1689.0163844626495	49.472847192052434	14	12.158297539397877	1.4268574803327414
3023.6080391289756	109.56218052797458	-1.0	244.80808645342938	1689.0163844626495	49.472847192052434	14	12.158297539397877	1.4268574803327414
2994.7280149511444	58.162313488852575	1.0	147.81980424422693	114.0109166787963	44.464737183041315	60	42.98315954160166	0.6569837297085191
3003.192033760075	84.50698162364851	-1.0	1089.819804244227	2762.010916678796	253.4647371830413	109	29.58335455801438	1.19497560926528
3013.4720566045703	108.97093334567057	-1.0	638.8198042442269	3960.010916678796	487.46473718304134	24	22.941897653291278	1.4108565324987279
3020.440072089049	5.755192929050139	-1.0	35.81980424422694	170.01091667879632	30.464737183041315	10	434.3903029524695	1.3631422180324444
3059.6080391289756	8.780259945420994	1.0	35.81980424422694	170.01091667879632	30.464737183041315	10	434.3903029524695	1.3631422180324444
3025.224002720006	14.064716708762617	1.0	678.8130231255813	572.0124377915976	30.46567718408576	1	177.74975861706812	0.7002206730602406
3034.688023751164	235.54410126703593	-1.0	3973.8130231255814	7359.012437791597	546.4656771840857	19	10.613723657489322	1.0756687123541566
3039.368034151187	8.551398724165551	1.0	102.81302312558125	74.01243779159755	0.0	13	292.349834294968	0.6239401657582264
3044.3440452089894	59.624161330428734	-1.0	213.81302312558125	952.0124377915976	41.46567718408576	1	41.92931094066633	1.3498716128940678
3049.0960557690128	58.68181674385532	1.0	110.81302312558125	600.0124377915976	98.46567718408576	1	42.60263466130298	1.388169595114746
3063.3520074489056	48.59809279329674	-1.0	563.8211353568171	159.95909884344314	0.0	49	51.4423479668904	0.27644140025844277
3071.3680252622785	16.015895318600343	1.0	394.8211353568171	169.95909884344314	51.464819405354895	14	156.09492633837218	0.40649559886002823
3081.8800486223304	192.9880842322903	1.0	271.8211353568171	0.0	59.464819405354895	287	12.95416766244942	0.0
3092.7440727646062	5.194902570403585	-1.0	81.82113535681707	215.95909884344314	38.464819405354895	4	481.2409792327979	1.2086342227859614
3097.608003573341	35.252922628109076	1.0	194.8341275934751	480.95851217612466	66.48537165041294	12	70.91610605943389	1.1859050125209842
3098.6560059022354	143.91320488190627	-1.0	1526.8341275934752	6934.958512176125	718.485371650413	1	17.371581725606593	1.3540887839421811
3105.82402183116	59.434977048971035	-1.0	95.8341275934751	546.9585121761246	0.0	17	42.06277387707481	1.3973441996832994
3112.432036515637	56.269203849771245	1.0	207.8341275934751	0.0	0.0	3	44.429276210741406	0.0
3122.5040588979086	126.6672406696143	-1.0	2521.834127593475	7502.958512176125	940.485371650413	36	19.736752666151	1.246547092125849
3127.8720708268243	78.84320057644887	1.0	304.8341275934751	647.9585121761246	34.485371650412944	1	31.708504750208878	1.1310643379945442
3142.304022897829	60.288587533672235	1.0	333.8254420282689	44.97037996708885	0.0	17	41.46721796399204	0.13390612804278018
3151.1200424889835	58.54511079422471	1.0	234.82544202826892	592.9703799670889	27.4810749789722	1	42.70211408066234	1.193729604254547
3152.0720446045434	125.05522286650059	-1.0	258.8254420282689	730.9703799670889	40.4810749789722	2	19.991168243079375	1.230487203773872
3163.824070720157	298.1973698276046	-1.0	906.8254420282689	3261.970379967089	142.4810749789722	7	8.383709089873305	1.2996438457850776
3168.0080000177777	22.87708463440464	1.0	0.0	37.991683324092584	0.0	1	109.27965866071384	1.5707963267948966
3169.928004284454	9.581909628431333	1.0	83.80582756203063	325.9916833240926	57.45677717419686	1	260.9083258917438	1.3191656437193446
3171.8720086044636	10.207082354326303	1.0	0.0	223.99168332409258	86.45677717419686	5	244.9279738534065	1.5707963267948966
3181.704030453401	201.95833396404285	1.0	332.80582756203063	2187.9916833240927	77.45677717419686	47	12.378790966086628	1.4198477337125157
3190.024048942331	70.49323800892377	-1.0	351.80582756203063	1268.9916833240925	203.45677717419687	1	35.464394466934884	1.3003556989869223
3204.7120015822256	246.06972980178824	-1.0	137.8275209194677	686.0219266910296	0.0	135	10.15972180736646	1.372527523673191
3207.2160071466824	19.820495455212495	1.0	0.0	76.02192669102965	0.0	1	126.13206393599698	1.5707963267948966
3208.592010204467	12.33481991613965	1.0	35.82752091946769	171.02192669102965	78.48162164624627	1	202.67827313221196	1.3642918714328338
3209.7040126755837	53.63071035163344	1.0	276.8275209194677	44.021926691029655	0.0	1	46.61508273167702	0.15770244718796497
3213.368020817824	7.464347734638324	-1.0	108.82752091946769	0.0	0.0	9	334.9254467873655	0.0
3227.8080529067843	124.13998177202754	-1.0	1005.8275209194677	842.0219266910296	62.481621646246275	2	20.138556203359496	0.6969826636200094
3234.288067306816	158.90549697679234	-1.0	868.8275209194677	2885.02192669103	127.48162164624627	96	15.732621259572394	1.2782838139850936
3236.664072586828	12.959417039996652	1.0	73.82752091946769	460.02192669102965	187.48162164624628	4	192.90991194158266	1.4116662949323389
3241.056002346672	8.073531116074804	1.0	51.804565338405936	121.0237933597704	0.0	2	309.6538508438241	1.1663428322899838
3245.440012088916	42.23003017417231	-1.0	81.80456533840594	197.0237933597704	25.485531650590723	20	59.199578823151974	1.177254322052009
3259.28004284454	80.49782252082665	1.0	258.80456533840595	1225.0237933597705	76.48553165059073	3	31.0567406882738	1.3625929390643494
3311.6080391289756	72.70645960734262	1.0	258.80456533840595	1225.0237933597705	76.48553165059073	3	31.0567406882738	1.3625929390643494
3283.488016640037	260.6045909587281	-1.0	708.8123942359936	0.0	0.0	113	9.593077354481158	0.0
3285.024020053378	23.603877728984315	1.0	0.0	31.989635544039494	0.0	1	105.91480047069265	1.5707963267948966
3294.7120415823147	59.41657939265964	-1.0	456.81239423599357	1293.9896355440394	211.4864672071858	10	42.07579812830578	1.2314280054976208
3307.0400689779312	108.10292150194459	-1.0	224.8123942359936	1534.9896355440394	140.4864672071858	13	23.126109500704185	1.425371662225011
3315.8320085155747	103.18431327381747	1.0	237.8166020184467	217.9908422120469	0.0	164	24.228489008458258	0.7419296516750213
3319.8160173689275	208.19616261866426	-1.0	715.8166020184467	3341.990842212047	154.48898943221047	40	12.007906238786179	1.359795771104139
3323.528025617835	10.719828206408238	1.0	219.8166020184467	581.9908422120469	71.48898943221047	1	233.21269257892746	1.2096626506243653
3325.792030648957	56.08554136721557	1.0	224.8166020184467	746.9908422120469	98.48898943221047	1	44.574768096316504	1.2784562838797462
3337.4640565867926	42.21865770838957	1.0	288.8166020184467	85.9908422120469	0.0	158	59.215525450095186	0.2893776188753154
3345.896075324612	67.70181064625226	-1.0	686.8166020184467	3174.990842212047	370.4889894322105	4	36.926634252999726	1.357758053514711
3349.4320031822294	8.830246295328593	1.0	127.81999868888744	126.99163443514936	0.0	13	283.117810804729	0.7821472861691482
3361.9920310934026	191.961133150937	-1.0	222.81999868888744	1033.9916344351493	97.48969165521295	6	13.02346969391078	1.358547111756488
3368.352045226767	15.165284981157583	-1.0	70.81999868888744	308.99163443514936	78.48969165521295	4	164.8501827104585	1.3454905956029546
3369.720048266774	245.67991268386407	-1.0	62.81999868888743	597.9916344351494	0.0	54	10.17584210564642	1.4661285978762455
3380.6480725512724	183.62802105535502	1.0	575.8199986888874	849.9916344351494	98.48969165521295	1	13.614479890552053	0.9753709568874874
3393.4800210667136	40.83756791433074	-1.0	74.81866868740966	431.0198800220889	89.46851496501662	2	61.218141228305086	1.39892375622423
3399.5520345600767	119.9630565015847	-1.0	106.81866868740966	630.019880022089	58.468514965016624	12	20.839749110318603	1.4028454169454863
3413.2720650490332	367.55041363069057	-1.0	1276.8186686874096	3286.0198800220887	153.46851496501662	16	6.801788019512241	1.2001900172441864
3416.272071715715	20.39427641376861	1.0	0.0	43.01988002208891	25.468514965016627	1	122.58341258492491	1.5707963267948966
3425.2400116444705	180.79562746721248	1.0	575.7892119880133	2205.0188077986754	845.3678748531943	8	13.827768044077162	1.315373231203102
3433.5040300089554	43.1734396068116	-1.0	664.7892119880133	63.01880779867533	27.36787485319428	1	57.905972347071646	0.09451274627087478
3454.0400756446124	147.16693238806545	1.0	324.78921198801334	230.01880779867534	35.36787485319428	67	16.987511796520522	0.6162144773261378
3491.6080391289756	60.59601403697843	-1.0	324.78921198801334	230.01880779867534	35.36787485319428	67	16.987511796520522	0.6162144773261378
3467.008024462277	82.24649902638745	-1.0	42.787135319039244	243.0032544480605	30.277283641426266	9	30.396430603057222	1.3965064484056045
3470.62403249785	11.62862480977195	-1.0	159.78713531903924	507.0032544480605	40.277283641426266	1	214.98672808664017	1.2654899703312474
3471.024033386741	14.76008774409005	-1.0	32.787135319039244	200.0032544480605	0.0	3	169.37568687564217	1.408308597680086
3478.8800508445574	244.2607208291142	1.0	93.78713531903924	58.0032544480605	167.27728364142627	40	10.234965292471278	0.553879963680521
3493.744003875564	688.2462213942132	-1.0	408.8053842282047	1590.032746703052	58.48978943309937	1	3.6324209596612547	1.3191418557670502
3499.7840172978163	14.173014858636918	1.0	0.0	35.03274670305189	0.0	2	176.39154583095075	1.5707963267948966
3500.4240187200417	12.269668182369912	1.0	90.8053842282047	0.0	0.0	1	203.7544913881379	0.0
3500.920019822266	24.934887213362174	-1.0	43.8053842282047	377.0327467030519	0.0	1	100.26113126592742	1.455130357880126
3509.0560379023063	11.927319759997985	1.0	155.8053842282047	256.0327467030519	36.48978943309937	4	209.602832011307	1.024123299199699
3522.296067324594	221.33967134364752	-1.0	8166.805384228204	7396.032746703052	4147.4897894331	10	11.294857288003064	0.7359121149936552
3538.304022897829	111.68878121860166	1.0	130.9448899387666	715.1080578978421	50.431278256975844	25	22.383626830942866	1.3896906653364398
3553.6000568890154	179.43931735446515	-1.0	211.9448899387666	776.1080578978421	85.43127825697584	2	13.932286618442099	1.304209642549772
3560.0800712890473	146.2705852200589	1.0	553.9448899387666	28.10805789784211	36.431278256975844	1	17.091611387476426	0.05069813302157343
3599.8000395556433	256.79104508861883	1.0	553.9448899387666	28.10805789784211	36.431278256975844	1	17.091611387476426	0.05069813302157343
3581.7520394489766	11.007715254212002	-1.0	0.0	100.11995346661496	54.49567277296975	2	227.11343292091405	1.5707963267948966
3583.8480441067645	570.6422748136	-1.0	841.9526777251974	4374.119953466615	155.49567277296975	25	4.381028378622358	1.380637016436442
3586.152049226776	22.477100082843734	1.0	199.95267772519747	0.0	0.0	1	111.22431233503265	0.0
3598.3360763023916	124.69035915843614	-1.0	2869.9526777251976	7498.119953466615	613.4956727729698	19	20.049665562542877	1.2052430096339646